0.7295178361426892
0.8379424778761062
0.938957943129576
0.772673031026253
0.8125763125763126
0.9508576726935558
0.762481089258699
0.785496648385131
0.9013840830449827
0.7326552851434799
0.8920377867746289
0.8689156626506024
0.943381250551195
0.7432530999270606
0.8182363527294542
0.8642720915448188
0.726457399103139
0.8563278008298755
0.7795444778685002
0.9020979020979021
0.8535645472061657
0.7577696526508226
0.9281150159744409
0.7469325153374233
0.7574468085106383
0.8170250896057347
0.9079596653078739
0.8688602765855985
0.8403860430586488
0.9401964972234088
0.9171518137035378
0.9694300518134715
0.9260295434198746
0.8981132075471698
0.7258566978193146
0.7621313035204567
1.0062389640965275
0.8018774703557312
0.8082561728395061
0.7653898768809849
0.9542862007321018
0.9635365453949525
0.8569807037457434
0.8497652582159625
0.981594605315351
0.9628351473320945
0.8492159227985525
0.8961248654467169
0.7485436893203884
0.8222794591113973
0.9278048780487805
0.8375286041189931
1.0609845701689933
0.8929421094369548
0.8564036222509702
1.0070188400443296
0.6948020982355746
0.9663377829367382
0.7890243902439025
0.7988322717622081
0.7858108108108108
0.9573430834856794
0.9887152777777778
0.8579031399680681
0.8084522502744237
0.6769570011025359
0.8261192643507338
0.8086592178770949
0.9761163032191069
0.9389027431421446
0.807533843437316
0.8996447602131439
0.7495145631067961
0.9283260607185962
0.8128342245989305
0.9489990467111534
0.8304405874499332
0.7784749034749034
0.8984848484848484
0.7318496898941992
0.8173673328738801
0.9539837698266322
0.742826780021254
0.9187689202825429
0.9735352391735069
0.7068181818181818
1.0140500533149344
0.77552400270453
0.978440366972477
0.8818224964404366
0.9516735614892817
0.8096903096903096
0.8653295128939829
0.9665985003408316
0.9411624960405448
0.9376784015223597
0.8181818181818182
0.9009830628923369
0.7898089171974523
0.7820140903439702
0.7737665463297232
0.8376565295169947
0.8920377867746289
0.8332251784555483
0.8599744245524297
0.8085889570552147
0.7219369038884813
0.9352298704597409
0.889694458829622
0.7501794687724336
0.8022041763341067
0.9019861830742659
0.8977183320220299
0.8455797933409873
0.8918128654970761
0.7378246753246753
0.9168503937007874
0.8283828382838284
1.009854327335047
0.7954898911353032
0.874113475177305
0.7961987634531715
0.8585564610011641
0.7642163661581137
0.8173673328738801
0.8600666349357449
0.8688626476072094
0.9081092525936905
0.7587923025879231
0.9965694682675815
0.9286694101508917
0.829325513196481
0.7910772578890098
0.8657298985167837
