0.5090262582056893
0.5323260716795503
0.5142204401342783
0.5351239669421488
0.5244286840031521
0.5297004132231405
0.5283018867924528
0.5248371335504886
0.5241448692152918
0.5072937625754527
0.5354394491697043
0.5281195079086116
0.5137601460064358
0.5285269709543569
0.5274555297757154
0.5312622118014849
0.5085616438356164
0.5312097812097812
0.527632344386271
0.5352697095435685
0.5283874045801527
0.5266836086404066
0.5201432408236347
0.5322404371584699
0.5247641509433962
0.5064992778580157
0.5142787702029408
0.530267753201397
0.527493010251631
0.5303614457831325
0.5275631117980423
0.5379528464634847
0.5127649027140909
0.5309537088678193
0.5311550151975684
0.509974533106961
0.5124700239808153
0.5307390451275343
0.5084334425433806
0.5303317535545023
0.5124805705403676
0.5151581529834399
0.527972027972028
0.5295494441193681
0.5161438344735525
0.5145167391715528
0.5285285285285285
0.5262326169405815
0.5414325842696629
0.5281224152191895
0.5330717488789237
0.5281385281385281
0.5262390670553936
0.5242085661080075
0.5373376623376623
0.5142425957366534
0.5141143260409315
0.5245746691871456
0.5251623376623377
0.5336879432624113
0.5300820419325433
0.5268276324614353
0.5408357075023742
0.5274869109947644
0.5279569892473118
0.5293103448275862
0.509743237047226
0.5361111111111111
0.5230940456316082
0.5243732590529248
0.5216730038022813
0.528705636743215
0.541374474053296
0.5135329464331571
0.5299860529986054
0.5306503198294243
0.5307167235494881
0.5097977243994943
0.533273381294964
0.5075910931174089
0.5327942497753818
0.5124331285912423
0.5072568940493469
0.533704572098476
0.5122496090550301
0.5362068965517242
0.5151351006882487
0.5261467889908257
0.54
0.5251554550593556
0.5140158439975625
0.5288743882544862
0.5313159746657283
0.5275297619047619
0.5135684037680408
0.5312668463611859
0.5279838165879973
0.5126010781671159
0.5290102389078498
0.5270949720670391
0.5261865793780688
0.5231843575418994
0.5354394491697043
0.5270935960591133
0.538
0.5357723577235772
0.5296017222820237
0.513146892130447
0.5263480392156863
0.5272452068617558
0.5311059907834101
0.5312817904374364
0.5321828358208955
0.5356363636363637
0.5304347826086957
0.5309579439252337
0.52697320782042
0.5285800240673887
0.5369020501138952
0.5311526479750779
0.5315363881401617
0.5131345926800472
0.5275393419170243
0.5257633587786259
0.5327942497753818
0.5302230046948356
0.5319634703196348
0.5139604553624925
0.5095811051693404
0.5288228155339806
0.5138798525265669
0.5089992800575954
0.5326007326007326
0.5296084049665711
1.16004363409693
1.1895181077632742
1.6308755845548142
1.139588604113959
1.1712682873171267
1.333224993905907
0.9856985698569857
1.1077451928241486
1.2960199004975124
1.1940210152434512
1.1725055432372506
1.1899026563273387
1.5727702119056808
1.0396633082514986
1.1923076923076923
1.382308083375699
1.1303520456707896
1.2370516062564392
1.2085276482345104
1.359683794466403
1.3112327956193577
1.0103595368677636
1.2001032791117996
1.0657912734236084
0.9341380215166623
1.4130409515322924
1.560507939434445
1.2669274228596263
1.2733408323959505
1.3997933063041577
1.2467848717753596
1.3761147375195366
1.5851351674927567
1.2988829197578238
0.9149214659685864
1.2377824995170947
1.6856428016811074
1.2008879023307437
1.3698966038661162
1.1167664670658684
1.5939427332349856
1.6308161708619375
1.1626564003849855
1.2661769849597762
1.6456466441669853
1.5913420229977515
1.160399711548367
1.284970094539842
0.9465930018416207
1.092036344200962
1.2599155419392234
1.1406310868718348
1.2072316856515832
1.3243163775360187
0.9363507779349364
1.6223172772921703
1.0528407551260048
1.2843505929997108
1.1563896336014299
1.225071225071225
1.0961357210179077
1.2367644164534541
1.1912668322656557
1.1758913102945199
1.2088633565859663
0.8003910705556461
1.4293864759532324
1.059105979192866
1.2541694462975317
1.193580344759263
1.19995626981524
1.3315806769635228
0.9473845681853045
1.5707497152731413
1.2246953368919327
1.3418702611625948
1.1176999101527403
1.3545373432005459
1.253478950149727
1.1693383853104051
1.144097431568793
1.6261887919515838
1.1741321388577828
1.263267429760666
1.600837769438869
0.5706422018348624
1.6809544851966416
1.0673490752588113
1.3032918353318568
1.266098807495741
1.6288041838479332
1.2444103253046732
1.2307692307692308
1.249614452522582
1.5984130186268577
1.2977777777777777
1.2053107562055032
1.5540744145662555
1.138267355134825
1.229315960912052
1.1090987494609745
1.2783892159372068
1.1725055432372506
1.2077601410934744
1.1543825769767193
1.16688800354139
0.9816685372240928
1.5629012574945615
1.3258730464981672
1.0398009950248757
1.1885272317112472
1.318709066519372
1.3568190263842437
1.1903030303030302
1.1233885819521179
0.9674072103232673
1.3736801746003657
1.2378687802730075
1.3654862770656817
1.0287869264613452
1.276168904707976
1.373968881205236
1.2419745289969477
0.8055555555555556
1.144097431568793
1.264520643806858
1.2043937109627396
1.5435344924537213
1.2797090298664056
1.3202045067222117
1.6008783041972807
1.4148253147669474
1.1675198233463817
1.290003635041803
1.1672285378283027
1.1992875519493371
1.6495045802953823
1.148176881303336
1.1808805589442164
1.347237047376632
0.9901768172888016
1.113847483257723
1.3055599060297571
1.204179104477612
1.1796988287785835
1.208040201005025
1.6312308190846534
1.0463355153382108
1.2016297764563375
1.39159362804683
1.157706675328894
1.2487472818379504
1.2164291701592624
1.370063060073017
1.3229804390025384
1.0151538343793052
1.2050816696914701
1.0725395732966276
0.9441718604959555
1.4278667345260934
1.5791781333084565
1.2754637731886593
1.2864550039065275
1.4072890025575449
1.2520250649549136
1.3991400261731164
1.6046539813355958
1.3131034482758621
0.9232293214462606
1.2716808890652906
1.7074869848562404
1.207476983167488
1.411546721691161
1.1271719969780911
1.6516870487697068
1.6491129654301941
1.1770437493910162
1.2754338060424557
1.6606103310013924
1.6354105998835178
1.1665285832642915
1.3066509711595056
0.9512646514497224
1.1032397408207344
1.2744785995477008
1.1487984306032368
1.2211416490486258
1.3327415298121024
0.9453766511960014
1.6745114600529811
1.0585777858505132
1.2958458994065571
1.161710245763663
1.2346185397867104
1.0992438563327032
1.248435482268799
1.2067275857502318
1.1840969607933156
1.2222798464889535
0.804981973123566
1.443831168831169
1.0642159678345777
1.2610044436991699
1.205282112845138
1.2159078320593775
1.3457323148455662
0.9520579620780022
1.6299616920694433
1.2332657200811359
1.36580346424284
1.133356109782485
1.3647805393971444
1.2613666578037757
1.2011976047904191
1.160895631958889
1.6415423675023801
1.1817413355874895
1.2826201796090861
1.6550230816654887
0.5734040101405854
1.7033134910182794
1.0772481803240197
1.3277310924369747
1.2745669696450008
1.649306474937369
1.2484836815249831
1.2442064064270264
1.25834719911259
1.6170068027210884
1.3094170403587444
1.2148952676493405
1.570599014117222
1.146025878003697
1.237478481842774
1.1206971677559914
1.2860698652476181
1.1796988287785835
1.2141843971631205
1.1700739451935624
1.1724674747025465
0.9874560963371801
1.620747207600462
1.3417943961729961
1.0469630557294929
1.199479618386817
1.3299379277415246
1.3757347400150717
1.1965881397238018
1.130021998379067
0.9776821726270503
1.385283445363155
1.249089131787079
1.3910734046477315
1.0363429150310244
1.2882573901682182
1.382711139831983
1.2522551204499628
0.8119358997973845
1.160895631958889
1.2754543850361744
1.2153879591393175
1.5953504591421597
1.2885414465807452
1.3434820310241835
1.6194442664616304
1.4616875565318517
1.1762564465567802
1.2995459206093452
1.198036533354792
1.172487181967689
6.077839774058001
1.0487953026928527
1.077841886830651
1.6620745542949757
0.7625531914893617
0.9973885288712642
1.5109661047670835
1.2982540831925335
1.122479303757164
1.2548064375815573
5.711158569140417
0.845467745281062
1.1893188010899183
1.8914782608695653
1.1915747241725176
1.306429277942631
1.2620227845899643
1.7595907928388748
1.6396779864902378
0.803586574578941
1.1592467888764184
0.8937829777471897
0.6732223903177005
2.551560095144816
4.384640290099074
1.441598259321531
1.5438117967950904
1.9178738699488074
1.4251913709116215
1.764886216248084
4.78911958330319
1.4731141199226305
0.6414315209910529
1.5467052860246198
9.571558541535447
1.2276853252647504
2.423541320222688
1.00055884654074
6.277913895694785
6.581222890723381
1.1178974643716453
1.4323869818973192
6.816141027406693
6.092385218365061
1.0890457314125495
1.415665851843979
0.689316048278945
0.9665089877010407
1.379010331702012
1.1073083104850145
1.1702968290953297
1.667530544242873
0.6606786427145709
8.599934275386133
0.9554098360655737
1.450032658393207
1.1003401360544218
1.279353947508235
0.9643449419568823
1.3357423743224572
1.1038158691701998
1.1444799432019879
1.2518856900031872
0.5092266224341696
2.6632729450516544
0.857698361262846
1.3920770085153646
1.1393985246831853
1.1962942779291552
1.6811534073228918
0.6902101028162718
5.506057268722467
1.291830447253798
1.6517681219537488
1.0074913950192346
2.077269800386349
1.3461975028376845
1.2913816689466484
1.0602301933176892
5.887039408166169
1.3009693679720822
1.4413772632828732
7.344944944944945
0.29318878152250766
9.355226039783002
0.9077958053027305
1.6133119031861587
1.4706638963094885
5.665430630378507
1.2812963145934195
1.2528521053723294
1.3366324967597503
5.888400322041246
1.5261324041811846
1.2118398142774232
4.258642407277817
1.0287255003629576
1.312695652173913
1.017908380330464
1.4489894594333237
1.122479303757164
1.178116756508774
1.0643980611336432
1.0934356528051437
0.7444675619443919
5.719241473043816
1.6211370606275064
0.8466680170143812
1.2057541412380122
1.616560263106984
1.7648878576952822
1.165463356740184
0.9880542619963555
0.7361068934102643
1.9853367433930094
1.301120059242803
1.7446336047372317
0.8287594936708861
1.460605499490788
2.1194757695824444
1.3191727221911682
0.5056205551732048
1.0602301933176892
1.3982009865557596
1.1881440560926377
4.728450354854268
1.623280986602786
1.4460230218811574
5.394038557302411
2.7295101745355104
1.125713732701055
1.5743057403957057
0.7295178361426892
0.8379424778761062
0.938957943129576
0.772673031026253
0.8125763125763126
0.9508576726935558
0.762481089258699
0.785496648385131
0.9013840830449827
0.7326552851434799
0.8920377867746289
0.8689156626506024
0.943381250551195
0.7432530999270606
0.8182363527294542
0.8642720915448188
0.726457399103139
0.8563278008298755
0.7795444778685002
0.9020979020979021
0.8535645472061657
0.7577696526508226
0.9281150159744409
0.7469325153374233
0.7574468085106383
0.8170250896057347
0.9079596653078739
0.8688602765855985
0.8403860430586488
0.9401964972234088
0.9171518137035378
0.9694300518134715
0.9260295434198746
0.8981132075471698
0.7258566978193146
0.7621313035204567
1.0062389640965275
0.8018774703557312
0.8082561728395061
0.7653898768809849
0.9542862007321018
0.9635365453949525
0.8569807037457434
0.8497652582159625
0.981594605315351
0.9628351473320945
0.8492159227985525
0.8961248654467169
0.7485436893203884
0.8222794591113973
0.9278048780487805
0.8375286041189931
1.0609845701689933
0.8929421094369548
0.8564036222509702
1.0070188400443296
0.6948020982355746
0.9663377829367382
0.7890243902439025
0.7988322717622081
0.7858108108108108
0.9573430834856794
0.9887152777777778
0.8579031399680681
0.8084522502744237
0.6769570011025359
0.8261192643507338
0.8086592178770949
0.9761163032191069
0.9389027431421446
0.807533843437316
0.8996447602131439
0.7495145631067961
0.9283260607185962
0.8128342245989305
0.9489990467111534
0.8304405874499332
0.7784749034749034
0.8984848484848484
0.7318496898941992
0.8173673328738801
0.9539837698266322
0.742826780021254
0.9187689202825429
0.9735352391735069
0.7068181818181818
1.0140500533149344
0.77552400270453
0.978440366972477
0.8818224964404366
0.9516735614892817
0.8096903096903096
0.8653295128939829
0.9665985003408316
0.9411624960405448
0.9376784015223597
0.8181818181818182
0.9009830628923369
0.7898089171974523
0.7820140903439702
0.7737665463297232
0.8376565295169947
0.8920377867746289
0.8332251784555483
0.8599744245524297
0.8085889570552147
0.7219369038884813
0.9352298704597409
0.889694458829622
0.7501794687724336
0.8022041763341067
0.9019861830742659
0.8977183320220299
0.8455797933409873
0.8918128654970761
0.7378246753246753
0.9168503937007874
0.8283828382838284
1.009854327335047
0.7954898911353032
0.874113475177305
0.7961987634531715
0.8585564610011641
0.7642163661581137
0.8173673328738801
0.8600666349357449
0.8688626476072094
0.9081092525936905
0.7587923025879231
0.9965694682675815
0.9286694101508917
0.829325513196481
0.7910772578890098
0.8657298985167837
