0.5098468271334792
0.5323260716795503
0.5144069377098097
0.5351239669421488
0.5244286840031521
0.5297004132231405
0.5283018867924528
0.5248371335504886
0.5241448692152918
0.5075452716297787
0.5354394491697043
0.5281195079086116
0.5139522597377647
0.5285269709543569
0.5274555297757154
0.5312622118014849
0.5088470319634704
0.5312097812097812
0.527632344386271
0.5352697095435685
0.5283874045801527
0.5266836086404066
0.5201432408236347
0.5322404371584699
0.5247641509433962
0.5067214753916232
0.5144002916514765
0.530267753201397
0.527493010251631
0.5303614457831325
0.5275631117980423
0.5379528464634847
0.5130127649027141
0.5309537088678193
0.5311550151975684
0.5101867572156197
0.512589928057554
0.5307390451275343
0.5084334425433806
0.5303317535545023
0.5126634360427905
0.5152457723648471
0.527972027972028
0.5295494441193681
0.5163106958117805
0.514611310762247
0.5285285285285285
0.5262326169405815
0.5414325842696629
0.5281224152191895
0.5330717488789237
0.5281385281385281
0.5262390670553936
0.5242085661080075
0.5373376623376623
0.5143683581714142
0.5148200423429781
0.5245746691871456
0.5251623376623377
0.5336879432624113
0.5300820419325433
0.5268276324614353
0.5408357075023742
0.5274869109947644
0.5279569892473118
0.5293103448275862
0.5099724896836314
0.5361111111111111
0.5230940456316082
0.5243732590529248
0.5216730038022813
0.528705636743215
0.541374474053296
0.5137383801551024
0.5299860529986054
0.5306503198294243
0.5307167235494881
0.5094816687737042
0.533273381294964
0.5080971659919028
0.5327942497753818
0.5126312660986725
0.50774068698597
0.533704572098476
0.5123985404721126
0.5362068965517242
0.5152625541677288
0.5261467889908257
0.54
0.5251554550593556
0.5142189721714402
0.5288743882544862
0.5313159746657283
0.5275297619047619
0.513741249675914
0.5312668463611859
0.5279838165879973
0.5128706199460916
0.5290102389078498
0.5270949720670391
0.5261865793780688
0.5231843575418994
0.5354394491697043
0.5270935960591133
0.538
0.5357723577235772
0.5296017222820237
0.5132398030288953
0.5263480392156863
0.5272452068617558
0.5311059907834101
0.5312817904374364
0.5321828358208955
0.5356363636363637
0.5304347826086957
0.5309579439252337
0.52697320782042
0.5285800240673887
0.5369020501138952
0.5311526479750779
0.5315363881401617
0.5134297520661157
0.5275393419170243
0.5257633587786259
0.5327942497753818
0.5302230046948356
0.5319634703196348
0.5142001198322349
0.5095811051693404
0.5288228155339806
0.5140967252222945
0.5092392608591313
0.5326007326007326
0.5296084049665711
1.7775658600548336
1.8805275407292474
1.807688369140025
1.8785131459655484
1.9307343608340888
1.8810042416599793
1.8474226804123712
1.850349901309887
1.8774774774774774
1.7826855123674912
1.8899213724088635
1.807971922787666
1.7479224942319864
1.8761795166858457
1.876203576341128
1.8777624309392265
1.7166927428090022
1.883359475260231
1.8453713123092574
1.8838992332968236
1.8439125910509886
1.8692220969560316
1.9326403326403327
1.8844014510278113
1.8707304256437205
1.76560534210781
1.7910353034510116
1.8589465629384008
1.8112
1.9066594477531131
1.8210514615983104
1.925640036022128
1.8020841836040595
1.9080546160591256
1.904632152588556
1.736837352117764
1.8019204678670688
1.8580423583285632
1.7202976648704131
1.880672268907563
1.7566821359337368
1.7924596597511955
1.862473018809744
1.863098301595471
1.8046548927406274
1.7585844711965744
1.8889820560120745
1.9187554019014694
1.8920245398773006
1.8443762411987723
1.8801433337452118
1.8175046554934824
1.9301587301587302
1.857319587628866
1.9470588235294117
1.742580585032021
1.7402713582823914
1.8955457520990466
1.869942196531792
1.8800749531542786
1.8637820512820513
1.865241911546453
1.966760198575437
1.8681732580037664
1.8633776091081593
1.8599015524422566
1.7724216921468054
1.9097093382807668
1.8595450049455984
1.921531100478469
1.8914354644149578
1.8698661744347023
1.8927367453263868
1.7532205766365787
1.8693312836279785
1.9038967248386325
1.8706766917293234
1.7703342713981742
1.8900398406374501
1.732154410178995
1.8836609092713916
1.8079224352535266
1.7413667945660065
1.85155058464667
1.7391634019967144
1.9683544303797469
1.7996772578042401
1.8571139445456386
1.8409752939907218
1.8405151064883605
1.8185654955662813
1.9214698473847978
1.914118206306449
1.8963557338682715
1.7732865985532105
1.8758029978586723
1.8839097744360902
1.790981557196223
1.900747269591876
1.8554572271386431
1.8306049822064057
1.8784004011533157
1.8899213724088635
1.9275661474948396
1.8993821712268315
1.9032490974729241
1.8729478943611706
1.7350608559089125
1.8925915725695401
1.8727598566308243
1.8548197820620285
1.8716541606002912
1.8799299763155184
1.8896728672225787
1.9092331768388107
1.8452169500126872
1.8295231361458089
1.8864581935310696
1.9052238051934929
1.8689198447134048
1.8652163632064318
1.790184601530842
1.8919352252685586
1.9198606271777003
1.8836609092713916
1.8803329864724245
1.9078812691914022
1.7510265500267796
1.7879409752760675
1.9756304902238595
1.7947286234798656
1.7429158110882956
1.8703971699630166
1.8309771953358787
1.7940327237728586
1.9050613014775228
1.8305197229250487
1.9019643840646228
1.9569931997794523
1.9090168702734147
1.8632162661737524
1.8674393335747916
1.8975643068518098
1.805210779380521
1.908680743548096
1.8501795792714213
1.8203236301005763
1.8980209545983702
1.899390774586597
1.894938583500305
1.779219159286516
1.910603211340952
1.8638582070382739
1.9038834055898903
1.8672286617492098
1.885698038100654
1.945583926329008
1.905600391293715
1.9114093959731544
1.7887151330947595
1.8157153963700705
1.8773827923750643
1.8378488077118214
1.9205933682373473
1.8322522925520017
1.9710297603371083
1.8273417023037661
1.9389002036659877
1.9409927108642833
1.8041275797373357
1.8268986792377238
1.8738634723625343
1.786494697010073
1.910371318822023
1.8269794721407624
1.814584096738732
1.8996697593961314
1.8832097802054883
1.8226599171652094
1.8125494441437315
1.905277401894452
1.967503692762186
1.9107806691449813
1.8765613519470978
1.9127592708988057
1.8383299325066709
1.9659632402995235
1.8739338464738922
1.9864966241560391
1.8028789861560715
1.7559801414171807
1.9206921413121845
1.883894449499545
1.9026548672566372
1.8727858293075685
1.891916302875207
2.009261300992282
1.8889702651237732
1.8954479652565546
1.8848810437452033
1.794856278366112
1.9263880224578915
1.8746104948273714
1.9520414776409591
1.9313742741509765
1.8978922716627635
1.9114825131538224
1.8272405525744948
1.889372280919826
1.9524393233635695
1.91495093323071
1.788130892956184
1.9080305671001474
1.8029180695847362
1.929631889363433
1.8269120437795137
1.7517212601710828
1.8934234468416948
1.8032265989681435
2.001609010458568
1.8253238140926151
1.8872891814068284
1.8901196278245458
1.8584646161540386
1.844150522457714
1.931198808637379
1.9468170829975826
1.9165399560736611
1.7962606232294618
1.9002169197396963
1.907429963459196
1.8129522108083966
1.9224806201550388
1.8741154562383613
1.8624185372918176
1.895029720500822
1.908680743548096
1.9439818319454958
1.9422382671480145
1.91813716572676
1.8941289701636188
1.806594035525213
1.9251996077882056
1.8961215695168974
1.8816326530612244
1.8943550215370664
1.9164392189796347
1.905562742561449
1.9284726338668248
1.8829621957534957
1.8501628664495113
1.9126411756701591
1.9554080680286219
1.8940060171256654
1.8911532006713019
1.8050457228095207
1.9158954375710342
1.956502441189525
1.929631889363433
1.9046113306982873
1.9356178608515058
1.8178833373050547
1.8052294030587075
2.0282181818181817
1.8180859477985762
1.81454759232537
1.8929210740439382
1.8502606882168926
219.2941176470588
186.46153846153845
1298.0
148.0
149.9718309859155
256.375
113.5774647887324
153.91044776119404
252.6060606060606
233.97101449275362
151.0857142857143
228.95238095238096
1172.7123287671234
123.51515151515152
173.20634920634922
319.88235294117646
209.76470588235293
188.68571428571428
216.59701492537314
312.72727272727275
249.57746478873239
96.1159420289855
138.7462686567164
111.31428571428572
98.88888888888889
506.77777777777777
996.0
205.29577464788733
266.3529411764706
255.18840579710144
256.0
230.27692307692308
932.8450704225352
224.0
79.88571428571429
270.8732394366197
1848.6486486486488
180.33333333333334
472.11267605633805
133.61194029850745
1281.6
1190.987341772152
172.57142857142858
209.85507246376812
1435.0144927536232
1209.2222222222222
158.64788732394365
204.92307692307693
90.70588235294117
154.78787878787878
230.54545454545453
160.43835616438355
183.36507936507937
264.94117647058823
82.75
1843.380281690141
162.11111111111111
180.0
161.75
179.70149253731344
129.22222222222223
193.35384615384615
128.33802816901408
189.64705882352942
170.7826086956522
70.17142857142858
501.2957746478873
142.52307692307693
221.1764705882353
172.11428571428573
174.22222222222223
249.35384615384615
90.82352941176471
1143.2
176.231884057971
237.73134328358208
142.17142857142858
379.29411764705884
209.2941176470588
239.76119402985074
137.5072463768116
1089.3684210526317
250.62686567164178
217.43283582089552
1487.7837837837837
35.542857142857144
1772.164383561644
134.94117647058823
233.75342465753425
221.8507462686567
1065.8947368421052
177.64383561643837
183.03030303030303
159.77464788732394
1358.7428571428572
262.8
189.8181818181818
822.8108108108108
148.0597014925373
222.0
153.55223880597015
217.15942028985506
151.0857142857143
144.67605633802816
155.94202898550725
157.37313432835822
112.45714285714286
1162.9473684210527
221.67741935483872
126.66666666666667
172.875
253.21212121212122
253.55555555555554
165.9718309859155
139.42857142857142
102.4225352112676
352.8484848484849
209.7910447761194
261.8888888888889
122.14925373134328
242.7076923076923
428.18461538461537
181.53846153846155
62.97142857142857
137.5072463768116
215.76119402985074
162.08695652173913
995.0144927536232
257.6901408450704
208.11940298507463
1083.6571428571428
465.09589041095893
190.68852459016392
249.91549295774647
0.7298355520751761
0.8379424778761062
0.9391385767790262
0.772673031026253
0.8125763125763126
0.9508576726935558
0.762481089258699
0.785496648385131
0.9013840830449827
0.732486388384755
0.8920377867746289
0.8689156626506024
0.9435675866325721
0.7432530999270606
0.8182363527294542
0.8642720915448188
0.7262729124236252
0.8563278008298755
0.7795444778685002
0.9020979020979021
0.8535645472061657
0.7577696526508226
0.9281150159744409
0.7469325153374233
0.7574468085106383
0.8169442951818019
0.9080767993135257
0.8688602765855985
0.8403860430586488
0.9401964972234088
0.9171518137035378
0.9694300518134715
0.9261662378342096
0.8981132075471698
0.7258566978193146
0.7619651347068146
1.00635593220339
0.8018774703557312
0.8082561728395061
0.7653898768809849
0.9543829787234043
0.9636214666120443
0.8569807037457434
0.8497652582159625
0.9817561672086936
0.9628417234362558
0.8492159227985525
0.8961248654467169
0.7485436893203884
0.8222794591113973
0.9278048780487805
0.8375286041189931
1.0609845701689933
0.8929421094369548
0.8564036222509702
1.0071410982516622
0.6947619047619048
0.9663377829367382
0.7890243902439025
0.7988322717622081
0.7858108108108108
0.9573430834856794
0.9887152777777778
0.8579031399680681
0.8084522502744237
0.6769570011025359
0.8260304493130338
0.8086592178770949
0.9761163032191069
0.9389027431421446
0.807533843437316
0.8996447602131439
0.7495145631067961
0.9285250162443145
0.8128342245989305
0.9489990467111534
0.8304405874499332
0.7785559043709249
0.8984848484848484
0.7320452059788553
0.8173673328738801
0.954176654988014
0.7427459306440198
0.9187689202825429
0.973680486769492
0.7068181818181818
1.0141737221699592
0.77552400270453
0.978440366972477
0.8818224964404366
0.9518706523782666
0.8096903096903096
0.8653295128939829
0.9665985003408316
0.9413301662707838
0.9376784015223597
0.8181818181818182
0.9012433392539965
0.7898089171974523
0.7820140903439702
0.7737665463297232
0.8376565295169947
0.8920377867746289
0.8332251784555483
0.8599744245524297
0.8085889570552147
0.7219369038884813
0.935320013545547
0.889694458829622
0.7501794687724336
0.8022041763341067
0.9019861830742659
0.8977183320220299
0.8455797933409873
0.8918128654970761
0.7378246753246753
0.9168503937007874
0.8283828382838284
1.009854327335047
0.7954898911353032
0.874113475177305
0.7962920576791027
0.8585564610011641
0.7642163661581137
0.8173673328738801
0.8600666349357449
0.8688626476072094
0.9082442586517092
0.7587923025879231
0.9965694682675815
0.9288793103448276
0.8292301680343884
0.7910772578890098
0.8657298985167837
