1864
1515
11033
1295
1331
2051
1008
1289
2084
2018
1322
1803
10701
1019
1364
2719
1783
1651
1814
2580
2215
829
1162
974
890
4561
8466
1822
2264
2201
2048
1871
8279
1904
699
2404
17100
1623
4190
1119
11214
11761
1510
1810
12377
10883
1408
1665
771
1277
1902
1464
1444
2252
662
16360
1459
1665
1294
1505
1163
1571
1139
1612
1473
614
4449
1158
1880
1506
1372
2026
772
10003
1520
1991
1242
3224
1779
2008
1186
10349
2099
1821
13762
311
16171
1147
2133
1858
10126
1621
1510
1418
11889
1971
1566
7611
1240
1887
1286
1873
1322
1284
1345
1318
984
11048
1718
1045
1383
2089
2282
1473
1220
909
2911
1757
2357
1023
1972
3479
1475
551
1186
1807
1398
8582
2287
1743
9482
4244
1454
2218
