6.109714508056641
5.210638046264648
29.84905242919922
1.146554946899414
2.000570297241211
3.2711029052734375
0.9610652923583984
1.4607906341552734
2.0482540130615234
1.8630027770996094
1.070261001586914
1.497030258178711
14.640092849731445
0.8592605590820312
1.0898113250732422
2.3097991943359375
1.5180110931396484
1.3644695281982422
1.4891624450683594
2.8705596923828125
10.416984558105469
3.334522247314453
3.5004615783691406
2.5899410247802734
0.7491111755371094
4.831790924072266
9.481191635131836
1.5115737915039062
2.050161361694336
2.0542144775390625
1.6949176788330078
1.4889240264892578
9.286880493164062
2.242565155029297
0.7081031799316406
2.122640609741211
27.899742126464844
1.3232231140136719
3.9033889770507812
0.8542537689208984
15.126705169677734
16.406536102294922
1.2805461883544922
1.514434814453125
17.28987693786621
12.954235076904297
1.1830329895019531
1.4166831970214844
0.6067752838134766
1.0395050048828125
1.5745162963867188
1.9104480743408203
1.2373924255371094
1.8856525421142578
0.5283355712890625
26.51214599609375
1.2333393096923828
1.3854503631591797
1.0292530059814453
1.2097358703613281
1.468658447265625
1.6522407531738281
0.9272098541259766
1.3179779052734375
1.3527870178222656
0.47898292541503906
4.00853157043457
0.9837150573730469
2.207517623901367
1.5654563903808594
1.1887550354003906
1.6930103302001953
0.6392002105712891
12.565374374389648
1.232147216796875
1.6398429870605469
1.5583038330078125
4.178762435913086
1.8801689147949219
2.0418167114257812
1.1219978332519531
13.169050216674805
1.9130706787109375
1.459360122680664
26.730775833129883
0.36334991455078125
24.651050567626953
0.9329319000244141
1.7039775848388672
1.5537738800048828
11.921882629394531
1.550912857055664
1.2319087982177734
1.2378692626953125
16.243457794189453
1.825571060180664
1.3790130615234375
7.540464401245117
1.0428428649902344
1.5816688537597656
1.0449886322021484
1.922607421875
1.8029212951660156
1.7228126525878906
1.7719268798828125
1.7213821411132812
1.2161731719970703
14.409780502319336
1.4905929565429688
1.3432502746582031
1.3155937194824219
1.8110275268554688
1.8808841705322266
1.1706352233886719
1.222372055053711
0.9765625
4.462003707885742
1.6264915466308594
3.9856433868408203
0.8044242858886719
3.3195018768310547
4.086017608642578
1.4348030090332031
0.5240440368652344
1.0745525360107422
1.6551017761230469
1.2962818145751953
10.874271392822266
3.670215606689453
2.634286880493164
14.09459114074707
4.828691482543945
1.2578964233398438
1.8625259399414062
6.354331970214844
3.7577152252197266
33.0815315246582
2.9010772705078125
3.0219554901123047
3.124713897705078
2.9718875885009766
3.2634735107421875
4.834651947021484
5.234718322753906
3.021240234375
3.1125545501708984
40.781259536743164
2.830028533935547
3.4286975860595703
7.698535919189453
4.811525344848633
3.039836883544922
5.69462776184082
6.222248077392578
5.9108734130859375
1.5397071838378906
1.966714859008789
1.8558502197265625
1.8219947814941406
15.360593795776367
26.75628662109375
4.331827163696289
4.964590072631836
5.254268646240234
4.171133041381836
3.4439563751220703
27.825593948364258
5.112886428833008
1.8389225006103516
7.614374160766602
71.76995277404785
3.8406848907470703
13.883113861083984
2.3415088653564453
36.907196044921875
42.95182228088379
3.268003463745117
4.860639572143555
45.75157165527344
39.526939392089844
2.649068832397461
3.0760765075683594
1.9054412841796875
3.1957626342773438
5.989551544189453
4.374980926513672
4.1637420654296875
5.033731460571289
1.4662742614746094
57.129859924316406
3.8521289825439453
2.788543701171875
2.8645992279052734
2.8715133666992188
2.9311180114746094
3.6461353302001953
2.153158187866211
4.170417785644531
3.339052200317383
1.7077922821044922
13.832569122314453
2.9137134552001953
5.291938781738281
3.3893585205078125
2.8510093688964844
3.576517105102539
1.9850730895996094
26.580810546875
3.3228397369384766
3.6492347717285156
2.7256011962890625
9.991645812988281
3.358602523803711
5.400180816650391
2.6972293853759766
36.07630729675293
6.5326690673828125
3.6950111389160156
46.44370079040527
1.0378360748291016
63.11321258544922
2.9039382934570312
4.671573638916016
4.553079605102539
31.508445739746094
3.8857460021972656
3.385305404663086
2.241373062133789
41.31460189819336
6.127595901489258
3.7429332733154297
27.8780460357666
2.622842788696289
4.985332489013672
3.13568115234375
4.119873046875
3.0744075775146484
3.481626510620117
3.695249557495117
3.2248497009277344
2.5947093963623047
48.07090759277344
3.966808319091797
2.5169849395751953
3.6623477935791016
3.9663314819335938
5.09333610534668
3.2036304473876953
2.3267269134521484
2.220630645751953
8.4686279296875
4.6253204345703125
4.960298538208008
2.205371856689453
4.648685455322266
9.668350219726562
3.0651092529296875
1.2233257293701172
2.648591995239258
4.130363464355469
2.5472640991210938
25.885820388793945
4.939556121826172
3.5059452056884766
34.66153144836426
13.746500015258789
3.324747085571289
5.400896072387695
1.1005401611328125
0.5769729614257812
1.810312271118164
0.6086826324462891
0.6036758422851562
0.6594657897949219
0.5984306335449219
0.6000995635986328
0.6871223449707031
0.7500648498535156
0.6210803985595703
1.1301040649414062
2.1142959594726562
0.6594657897949219
0.4894733428955078
0.7643699645996094
0.7102489471435547
0.7388591766357422
0.8401870727539062
0.7672309875488281
0.720977783203125
0.5517005920410156
0.5567073822021484
0.5595684051513672
0.6167888641357422
1.1343955993652344
1.6121864318847656
0.6961822509765625
0.8523464202880859
0.5700588226318359
0.6327629089355469
0.5178451538085938
1.3699531555175781
0.5724430084228516
0.5552768707275391
1.0344982147216797
2.697467803955078
0.5953311920166016
0.9427070617675781
0.4665851593017578
1.6689300537109375
1.7919540405273438
0.5877017974853516
0.5700588226318359
1.8239021301269531
1.6398429870605469
0.5304813385009766
0.5145072937011719
0.41174888610839844
0.5147457122802734
0.5755424499511719
0.5404949188232422
0.5056858062744141
0.6082057952880859
0.36907196044921875
2.1963119506835938
0.60272216796875
0.9005069732666016
0.5383491516113281
0.6594657897949219
0.7128715515136719
0.8180141448974609
0.43582916259765625
0.5803108215332031
0.48661231994628906
0.4265308380126953
0.9453296661376953
0.518798828125
0.6425380706787109
0.537872314453125
0.48470497131347656
0.5373954772949219
0.41484832763671875
1.5828609466552734
0.4990100860595703
0.5469322204589844
0.49042701721191406
0.7696151733398438
0.5776882171630859
0.6704330444335938
0.438690185546875
1.5358924865722656
0.6811618804931641
0.5652904510498047
1.8973350524902344
0.3581047058105469
2.126455307006836
0.9341239929199219
0.9777545928955078
0.63323974609375
1.5635490417480469
0.5428791046142578
0.49614906311035156
0.48065185546875
1.7604827880859375
0.5731582641601562
0.5614757537841797
1.3344287872314453
0.5085468292236328
0.6110668182373047
0.5106925964355469
0.5671977996826172
0.4820823669433594
0.4334449768066406
0.5557537078857422
0.48732757568359375
0.5006790161132812
1.6679763793945312
0.5183219909667969
0.47397613525390625
0.47278404235839844
0.5741119384765625
0.5986690521240234
0.5211830139160156
0.48422813415527344
0.4634857177734375
0.7865428924560547
0.8194446563720703
0.9176731109619141
0.4820823669433594
0.6103515625
0.8428096771240234
0.4711151123046875
0.3883838653564453
0.4470348358154297
0.5552768707275391
0.4925727844238281
2.4061203002929688
0.7386207580566406
0.5583763122558594
1.5604496002197266
0.8959770202636719
0.5629062652587891
0.6303787231445312
1.5041828155517578
1.5511512756347656
3.677845001220703
1.7316341400146484
1.6980171203613281
1.6064643859863281
1.5802383422851562
1.9016265869140625
1.8925666809082031
1.786947250366211
1.6469955444335938
1.4574527740478516
3.757476806640625
1.4636516571044922
1.3468265533447266
1.7790794372558594
1.588582992553711
1.6772747039794922
1.6314983367919922
1.6853809356689453
1.77001953125
1.4584064483642578
1.5304088592529297
1.67083740234375
1.4739036560058594
2.142190933227539
2.8028488159179688
1.8963813781738281
1.7273426055908203
1.6753673553466797
1.5211105346679688
1.489400863647461
2.957582473754883
1.9283294677734375
1.5263557434082031
2.338409423828125
5.181074142456055
1.712799072265625
2.232074737548828
1.3399124145507812
3.380298614501953
3.8802623748779297
1.5027523040771484
1.5270709991455078
3.8154125213623047
4.175901412963867
1.7311573028564453
1.3930797576904297
1.4317035675048828
1.4312267303466797
1.5780925750732422
1.7163753509521484
1.3968944549560547
1.6880035400390625
1.2738704681396484
4.563093185424805
1.6901493072509766
1.7993450164794922
1.8947124481201172
1.9583702087402344
1.7387866973876953
1.5211105346679688
1.6474723815917969
1.5628337860107422
1.6307830810546875
1.5077590942382812
2.2182464599609375
1.3842582702636719
1.6198158264160156
1.605987548828125
1.3704299926757812
1.5552043914794922
1.4293193817138672
3.595590591430664
1.981496810913086
1.661539077758789
1.4858245849609375
1.6884803771972656
1.5213489532470703
1.5401840209960938
1.4376640319824219
8.424043655395508
5.6095123291015625
3.0481815338134766
6.703853607177734
1.6963481903076172
5.377531051635742
1.522064208984375
1.7409324645996094
1.524209976196289
4.366397857666016
1.7216205596923828
1.4252662658691406
1.5611648559570312
3.772735595703125
1.323699951171875
1.4295578002929688
2.8977394104003906
1.4231204986572266
1.5261173248291016
1.4421939849853516
1.5747547149658203
1.5347003936767578
1.52587890625
2.1903514862060547
1.7600059509277344
1.5156269073486328
3.6487579345703125
1.306772232055664
1.3399124145507812
1.3003349304199219
1.5079975128173828
1.7673969268798828
1.5807151794433594
1.4657974243164062
1.4400482177734375
1.6829967498779297
1.4863014221191406
2.4814605712890625
1.8768310546875
1.4879703521728516
1.8918514251708984
1.3496875762939453
1.354217529296875
1.5337467193603516
1.5037059783935547
1.4786720275878906
2.7823448181152344
1.7499923706054688
1.516103744506836
3.2215118408203125
2.1965503692626953
1.7745494842529297
2.117156982421875
1.8715858459472656
2.321958541870117
4.588603973388672
1.592874526977539
2.1636486053466797
2.115488052368164
2.1390914916992188
2.3872852325439453
2.7418136596679688
2.8519630432128906
2.1867752075195312
2.471446990966797
6.880283355712891
1.5974044799804688
1.631021499633789
2.0599365234375
1.7044544219970703
1.6078948974609375
1.9886493682861328
2.357959747314453
2.115488052368164
1.2290477752685547
1.4200210571289062
1.5301704406738281
1.3921260833740234
2.6464462280273438
3.845691680908203
1.6574859619140625
2.2192001342773438
1.8854141235351562
1.8093585968017578
2.0110607147216797
4.398822784423828
1.7642974853515625
1.2745857238769531
1.9347667694091797
6.762266159057617
2.3102760314941406
3.8919448852539062
2.5072097778320312
8.038520812988281
5.594491958618164
1.750946044921875
1.661539077758789
4.917144775390625
5.379438400268555
1.775503158569336
1.6598701477050781
1.795053482055664
1.5087127685546875
1.6660690307617188
1.52587890625
1.51824951171875
1.9452571868896484
1.2466907501220703
6.233453750610352
1.705169677734375
1.7495155334472656
1.5387535095214844
1.5857219696044922
1.4696121215820312
3.7610530853271484
1.8761157989501953
1.5749931335449219
1.5780925750732422
1.1410713195800781
3.2739639282226562
2.3310184478759766
2.0923614501953125
1.7025470733642578
1.5282630920410156
1.8324851989746094
1.3327598571777344
5.090236663818359
1.5597343444824219
1.6856193542480469
1.6176700592041016
2.229928970336914
1.733541488647461
1.8465518951416016
1.851797103881836
4.942417144775391
1.8410682678222656
1.7199516296386719
5.419015884399414
1.0225772857666016
5.964517593383789
1.4414787292480469
1.7926692962646484
2.352476119995117
5.087852478027344
1.6884803771972656
1.5680789947509766
1.6169548034667969
4.884481430053711
1.650094985961914
1.5685558319091797
3.4499168395996094
1.8916130065917969
2.334117889404297
1.8343925476074219
1.703500747680664
1.4934539794921875
1.4781951904296875
1.6298294067382812
1.6536712646484375
1.596689224243164
4.666566848754883
1.6832351684570312
1.5692710876464844
1.6510486602783203
2.4538040161132812
1.995086669921875
1.8885135650634766
1.6248226165771484
1.5163421630859375
2.016305923461914
1.7218589782714844
1.9385814666748047
1.556396484375
1.7821788787841797
2.269744873046875
1.6963481903076172
1.1239051818847656
1.8248558044433594
2.021312713623047
1.5528202056884766
4.1713714599609375
1.8832683563232422
1.7194747924804688
4.190206527709961
2.6073455810546875
1.7070770263671875
1.7919540405273438
