1.4920234680175781
2.3202896118164062
1.8639564514160156
2.5484561920166016
1.7948150634765625
1.8062591552734375
1.9736289978027344
0.6415843963623047
1.3384819030761719
1.5571117401123047
8.28409194946289
0.904083251953125
1.9576549530029297
2.882719039916992
2.164125442504883
0.8409023284912109
2.7875900268554688
1.4455318450927734
2.8192996978759766
2.1233558654785156
2.1495819091796875
1.375436782836914
2.2783279418945312
2.8429031372070312
1.5473365783691406
1.3089179992675781
16.263961791992188
3.7708282470703125
1.9581317901611328
2.6798248291015625
1.8780231475830078
1.9834041595458984
11.012554168701172
1.4023780822753906
2.469301223754883
2.4442672729492188
0.37384033203125
3.2453536987304688
2.1200180053710938
0.9262561798095703
1.7323493957519531
11.029481887817383
3.2329559326171875
1.6124248504638672
2.4261474609375
1.2676715850830078
2.0074844360351562
0.8223056793212891
0.9901523590087891
0.7960796356201172
2.3453235626220703
1.0623931884765625
0.9486675262451172
11.094331741333008
3.256559371948242
1.6484260559082031
18.51367950439453
3.5223960876464844
3.889322280883789
13.199567794799805
1.1370182037353516
10.27989387512207
13.271093368530273
2.4328231811523438
9.016752243041992
1.7559528350830078
1.0402202606201172
3.3969879150390625
1.1627674102783203
1.3613700866699219
1.6236305236816406
10.845422744750977
2.1483898162841797
3.9818286895751953
12.424707412719727
1.497030258178711
0.7870197296142578
1.2061595916748047
22.1860408782959
12.565851211547852
0.5478858947753906
1.1539459228515625
2.38037109375
15.716075897216797
1.8193721771240234
2.3651123046875
1.8813610076904297
1.1088848114013672
1.35040283203125
1.6968250274658203
4.360198974609375
1.7414093017578125
1.8496513366699219
1.0020732879638672
1.7666816711425781
1.6131401062011719
1.3577938079833984
1.1577606201171875
1.8298625946044922
1.7213821411132812
2.0368099212646484
1.5385150909423828
2.2547245025634766
1.7971992492675781
2.318859100341797
0.9860992431640625
1.4317035675048828
2.2497177124023438
1.7895698547363281
2.4046897888183594
1.9118785858154297
2.6912689208984375
2.378702163696289
1.5187263488769531
1.3606548309326172
1.4455318450927734
2.5720596313476562
1.7213821411132812
2.2842884063720703
2.7213096618652344
1.6672611236572266
1.9664764404296875
2.5467872619628906
12.395858764648438
2.401590347290039
1.3129711151123047
1.168966293334961
0.7462501525878906
16.595125198364258
13.136863708496094
11.90185546875
2.9196739196777344
23.155927658081055
15.108108520507812
26.594161987304688
30.59983253479004
22.14670181274414
30.258655548095703
22.122621536254883
22.340059280395508
22.75228500366211
8.517980575561523
19.847631454467773
20.587444305419922
36.581993103027344
10.436534881591797
23.529767990112305
36.73434257507324
18.741607666015625
12.178897857666016
30.249595642089844
19.276142120361328
39.078712463378906
30.89427947998047
30.413150787353516
16.79515838623047
37.518978118896484
37.267208099365234
15.520811080932617
11.697769165039062
132.96747207641602
40.34924507141113
23.801326751708984
24.49488639831543
18.999576568603516
21.98624610900879
91.08138084411621
15.860557556152344
27.01544761657715
32.39870071411133
2.787351608276367
42.89102554321289
25.94900131225586
17.45152473449707
19.87934112548828
140.35534858703613
32.34362602233887
20.13540267944336
26.665925979614258
19.846677780151367
26.078224182128906
12.396097183227539
14.162778854370117
8.284330368041992
32.11522102355957
17.87590980529785
17.511844635009766
139.47057723999023
44.034719467163086
29.17766571044922
178.358793258667
60.88900566101074
65.70672988891602
132.71403312683105
17.142772674560547
93.08576583862305
104.09402847290039
22.3238468170166
105.74817657470703
17.989635467529297
14.253377914428711
52.22129821777344
13.155937194824219
15.763521194458008
26.652812957763672
116.81985855102539
28.973817825317383
47.77193069458008
148.3144760131836
23.03767204284668
13.937711715698242
19.411325454711914
181.07080459594727
105.82733154296875
12.666702270507812
23.260831832885742
16.84427261352539
127.91180610656738
15.313148498535156
20.6143856048584
16.32094383239746
10.147571563720703
14.174222946166992
15.033960342407227
37.69326210021973
24.18684959411621
18.542051315307617
14.791250228881836
19.127607345581055
17.15993881225586
10.397195816040039
11.821985244750977
16.154766082763672
15.421152114868164
17.470359802246094
17.525196075439453
23.277997970581055
19.296646118164062
24.68419075012207
9.89079475402832
24.049758911132812
29.376506805419922
30.961275100708008
39.56103324890137
31.478166580200195
32.1347713470459
40.39740562438965
22.404193878173828
19.134998321533203
27.88066864013672
43.523311614990234
29.78229522705078
36.88859939575195
46.730756759643555
33.17070007324219
26.3822078704834
44.25239562988281
173.6428737640381
38.205623626708984
31.00752830505371
28.312206268310547
12.733936309814453
256.30712509155273
241.15562438964844
192.13461875915527
84.56015586853027
399.6429443359375
308.83169174194336
1.9383430480957031
2.786397933959961
2.511739730834961
3.2958984375
2.568960189819336
2.70843505859375
2.626657485961914
1.291036605834961
2.1958351135253906
2.1800994873046875
3.446817398071289
1.4851093292236328
2.5877952575683594
3.788471221923828
2.8350353240966797
1.989126205444336
3.6725997924804688
1.4200210571289062
3.1054019927978516
3.127574920654297
2.8977394104003906
2.003908157348633
3.218412399291992
3.7169456481933594
2.2699832916259766
2.0279884338378906
16.211509704589844
4.859685897827148
2.684354782104492
3.470182418823242
2.6166439056396484
2.6192665100097656
11.516809463500977
2.5200843811035156
3.2558441162109375
3.1931400299072266
0.9539127349853516
4.405736923217773
2.8886795043945312
1.8935203552246094
2.3577213287353516
16.765117645263672
4.131317138671875
2.434253692626953
3.3042430877685547
2.469301223754883
3.4914016723632812
1.634359359741211
1.83868408203125
1.367330551147461
4.0435791015625
2.4068355560302734
2.2547245025634766
17.843246459960938
5.755424499511719
3.881692886352539
24.715662002563477
7.259368896484375
6.873130798339844
15.136241912841797
2.3679733276367188
13.37432861328125
16.066312789916992
3.6547183990478516
15.218019485473633
3.11279296875
2.3839473724365234
7.2269439697265625
2.413034439086914
2.4106502532958984
3.0930042266845703
16.40939712524414
3.681659698486328
6.772041320800781
20.270347595214844
2.8510093688964844
1.981496810913086
2.5987625122070312
23.408174514770508
14.74452018737793
1.6589164733886719
3.018617630004883
2.961874008178711
18.09525489807129
2.8133392333984375
3.2050609588623047
2.7751922607421875
1.8825531005859375
2.445697784423828
2.436399459838867
5.356073379516602
3.852367401123047
3.1151771545410156
2.3605823516845703
3.2806396484375
2.474069595336914
2.0596981048583984
1.871347427368164
2.612590789794922
2.3365020751953125
2.7561187744140625
2.4878978729248047
3.230571746826172
2.9304027557373047
3.226041793823242
1.6875267028808594
2.1414756774902344
3.0755996704101562
2.7933120727539062
3.1843185424804688
2.5835037231445312
3.469228744506836
3.031492233276367
2.176046371459961
2.234935760498047
2.313375473022461
3.663778305053711
2.3546218872070312
3.101348876953125
3.4637451171875
2.3300647735595703
2.727508544921875
3.6394596099853516
12.913227081298828
3.3724308013916016
2.1064281463623047
2.043485641479492
1.4522075653076172
16.286611557006836
14.265060424804688
12.479066848754883
3.7899017333984375
23.927927017211914
16.155719757080078
9.31692123413086
4.374980926513672
2.6521682739257812
1.5606880187988281
1.0144710540771484
9.160518646240234
1.238107681274414
0.18596649169921875
9.221315383911133
1.0516643524169922
4.088401794433594
3.025531768798828
0.4718303680419922
3.303050994873047
3.5190582275390625
5.31005859375
9.297847747802734
4.517555236816406
6.779909133911133
19.838809967041016
0.09751319885253906
8.086681365966797
14.944076538085938
45.394182205200195
2.385377883911133
1.9650459289550781
6.550788879394531
47.20330238342285
1.3954639434814453
6.203889846801758
2.218961715698242
14.674901962280273
4.698038101196289
2.008676528930664
1.8744468688964844
4.332542419433594
1.5673637390136719
9.544134140014648
11.60883903503418
2.791166305541992
7.381677627563477
34.28244590759277
1.3382434844970703
10.641813278198242
21.224021911621094
1.4836788177490234
2.4340152740478516
0.8318424224853516
10.494470596313477
0.9527206420898438
6.689310073852539
6.565332412719727
6.5021514892578125
85.34765243530273
10.278463363647461
28.316497802734375
60.61983108520508
32.15360641479492
17.23504066467285
93.66917610168457
5.0048828125
66.8647289276123
66.92862510681152
0.6036758422851562
38.1779670715332
5.103588104248047
6.973505020141602
19.401073455810547
1.01470947265625
1.1796951293945312
3.177642822265625
12.479305267333984
8.841753005981445
59.944868087768555
7.314920425415039
1.514434814453125
2.088785171508789
2.2974014282226562
18.764972686767578
8.769750595092773
1.0104179382324219
4.261255264282227
0.39505958557128906
23.78368377685547
30.87592124938965
0.48828125
0.9765625
2.1758079528808594
7.844209671020508
24.33943748474121
2.400636672973633
23.48780632019043
4.418849945068359
1.8410682678222656
4.260540008544922
0.7083415985107422
4.599809646606445
5.305767059326172
0.4298686981201172
4.23121452331543
11.987924575805664
7.50279426574707
0.7181167602539062
4.413366317749023
4.85539436340332
3.8144588470458984
1.1332035064697266
2.5322437286376953
0.1270771026611328
7.539510726928711
0.7317066192626953
13.376712799072266
25.032758712768555
4.142284393310547
0.09894371032714844
1.146554946899414
0.07152557373046875
0.43702125549316406
10.606050491333008
7.278680801391602
0.3952980041503906
5.469322204589844
13.709783554077148
6.561517715454102
6.623744964599609
5.385637283325195
0.5035400390625
1.0461807250976562
29.735088348388672
27.865886688232422
33.57696533203125
0.9207725524902344
207.43608474731445
85.90960502624512
0.3910064697265625
0.25582313537597656
0.3459453582763672
0.4532337188720703
0.3495216369628906
0.3535747528076172
0.3445148468017578
0.1850128173828125
0.3485679626464844
0.34427642822265625
0.5331039428710938
0.24628639221191406
0.37169456481933594
0.48065185546875
0.34332275390625
0.2963542938232422
0.5142688751220703
0.2956390380859375
0.49304962158203125
0.46753883361816406
0.4181861877441406
0.2956390380859375
0.5788803100585938
0.4913806915283203
0.2090930938720703
0.3542900085449219
1.3644695281982422
0.6587505340576172
0.34618377685546875
0.4863739013671875
0.38361549377441406
0.3533363342285156
1.7604827880859375
0.20694732666015625
0.4220008850097656
0.41222572326660156
0.16021728515625
0.5736351013183594
0.3979206085205078
0.3268718719482422
0.3216266632080078
3.087759017944336
0.7047653198242188
7.883310317993164
0.4858970642089844
0.2903938293457031
0.4298686981201172
0.22149085998535156
0.26679039001464844
0.19598007202148438
0.5261898040771484
0.3421306610107422
0.2925395965576172
2.6221275329589844
0.8816719055175781
0.5600452423095703
5.553960800170898
1.0693073272705078
0.9250640869140625
2.453327178955078
0.39196014404296875
1.7647743225097656
4.038810729980469
0.5238056182861328
2.0110607147216797
0.42438507080078125
0.33092498779296875
0.9813308715820312
0.3323554992675781
0.33593177795410156
0.4069805145263672
2.179861068725586
0.4909038543701172
1.1548995971679688
2.689838409423828
0.37932395935058594
0.3132820129394531
0.3819465637207031
3.2508373260498047
2.226114273071289
0.22864341735839844
0.4334449768066406
0.37598609924316406
2.5255680084228516
0.6120204925537109
0.4725456237792969
0.36215782165527344
0.24890899658203125
0.4055500030517578
0.3299713134765625
0.7462501525878906
0.6418228149414062
0.43129920959472656
0.3268718719482422
0.39315223693847656
0.34046173095703125
0.29158592224121094
0.2779960632324219
0.34165382385253906
0.34046173095703125
0.4105567932128906
0.35572052001953125
0.4169940948486328
0.38242340087890625
0.4715919494628906
0.2498626708984375
0.41556358337402344
0.4315376281738281
0.40721893310546875
0.5395412445068359
0.3821849822998047
0.5316734313964844
0.42176246643066406
0.29277801513671875
0.39267539978027344
0.3185272216796875
0.5600452423095703
0.30612945556640625
0.4832744598388672
0.5285739898681641
0.4353523254394531
0.3421306610107422
0.5190372467041016
1.7418861389160156
0.4258155822753906
0.3268718719482422
0.27561187744140625
0.27680397033691406
2.4704933166503906
1.8608570098876953
2.1507740020751953
0.5016326904296875
3.3416748046875
2.2745132446289062
