1.1672285378283027
1.1992875519493371
1.6495045802953823
1.148176881303336
1.1808805589442164
1.347237047376632
0.9901768172888016
1.113847483257723
1.3055599060297571
1.204179104477612
1.1796988287785835
1.208040201005025
1.6312308190846534
1.0463355153382108
1.2016297764563375
1.39159362804683
1.157706675328894
1.2487472818379504
1.2164291701592624
1.370063060073017
1.3229804390025384
1.0151538343793052
1.2050816696914701
1.0725395732966276
0.9441718604959555
1.4278667345260934
1.5791781333084565
1.2754637731886593
1.2864550039065275
1.4072890025575449
1.2520250649549136
1.3991400261731164
1.6046539813355958
1.3131034482758621
0.9232293214462606
1.2716808890652906
1.7074869848562404
1.207476983167488
1.411546721691161
1.1271719969780911
1.6516870487697068
1.6491129654301941
1.1770437493910162
1.2754338060424557
1.6606103310013924
1.6354105998835178
1.1665285832642915
1.3066509711595056
0.9512646514497224
1.1032397408207344
1.2744785995477008
1.1487984306032368
1.2211416490486258
1.3327415298121024
0.9453766511960014
1.6745114600529811
1.0585777858505132
1.2958458994065571
1.161710245763663
1.2346185397867104
1.0992438563327032
1.248435482268799
1.2067275857502318
1.1840969607933156
1.2222798464889535
0.804981973123566
1.443831168831169
1.0642159678345777
1.2610044436991699
1.205282112845138
1.2159078320593775
1.3457323148455662
0.9520579620780022
1.6299616920694433
1.2332657200811359
1.36580346424284
1.133356109782485
1.3647805393971444
1.2613666578037757
1.2011976047904191
1.160895631958889
1.6415423675023801
1.1817413355874895
1.2826201796090861
1.6550230816654887
0.5734040101405854
1.7033134910182794
1.0772481803240197
1.3277310924369747
1.2745669696450008
1.649306474937369
1.2484836815249831
1.2442064064270264
1.25834719911259
1.6170068027210884
1.3094170403587444
1.2148952676493405
1.570599014117222
1.146025878003697
1.237478481842774
1.1206971677559914
1.2860698652476181
1.1796988287785835
1.2141843971631205
1.1700739451935624
1.1724674747025465
0.9874560963371801
1.620747207600462
1.3417943961729961
1.0469630557294929
1.199479618386817
1.3299379277415246
1.3757347400150717
1.1965881397238018
1.130021998379067
0.9776821726270503
1.385283445363155
1.249089131787079
1.3910734046477315
1.0363429150310244
1.2882573901682182
1.382711139831983
1.2522551204499628
0.8119358997973845
1.160895631958889
1.2754543850361744
1.2153879591393175
1.5953504591421597
1.2885414465807452
1.3434820310241835
1.6194442664616304
1.4616875565318517
1.1762564465567802
1.2995459206093452
