0.5090262582056893
0.5323260716795503
0.5142204401342783
0.5351239669421488
0.5244286840031521
0.5297004132231405
0.5283018867924528
0.5248371335504886
0.5241448692152918
0.5072937625754527
0.5354394491697043
0.5281195079086116
0.5137601460064358
0.5285269709543569
0.5274555297757154
0.5312622118014849
0.5085616438356164
0.5312097812097812
0.527632344386271
0.5352697095435685
0.5283874045801527
0.5266836086404066
0.5201432408236347
0.5322404371584699
0.5247641509433962
0.5064992778580157
0.5142787702029408
0.530267753201397
0.527493010251631
0.5303614457831325
0.5275631117980423
0.5379528464634847
0.5127649027140909
0.5309537088678193
0.5311550151975684
0.509974533106961
0.5124700239808153
0.5307390451275343
0.5084334425433806
0.5303317535545023
0.5124805705403676
0.5151581529834399
0.527972027972028
0.5295494441193681
0.5161438344735525
0.5145167391715528
0.5285285285285285
0.5262326169405815
0.5414325842696629
0.5281224152191895
0.5330717488789237
0.5281385281385281
0.5262390670553936
0.5242085661080075
0.5373376623376623
0.5142425957366534
0.5141143260409315
0.5245746691871456
0.5251623376623377
0.5336879432624113
0.5300820419325433
0.5268276324614353
0.5408357075023742
0.5274869109947644
0.5279569892473118
0.5293103448275862
0.509743237047226
0.5361111111111111
0.5230940456316082
0.5243732590529248
0.5216730038022813
0.528705636743215
0.541374474053296
0.5135329464331571
0.5299860529986054
0.5306503198294243
0.5307167235494881
0.5097977243994943
0.533273381294964
0.5075910931174089
0.5327942497753818
0.5124331285912423
0.5072568940493469
0.533704572098476
0.5122496090550301
0.5362068965517242
0.5151351006882487
0.5261467889908257
0.54
0.5251554550593556
0.5140158439975625
0.5288743882544862
0.5313159746657283
0.5275297619047619
0.5135684037680408
0.5312668463611859
0.5279838165879973
0.5126010781671159
0.5290102389078498
0.5270949720670391
0.5261865793780688
0.5231843575418994
0.5354394491697043
0.5270935960591133
0.538
0.5357723577235772
0.5296017222820237
0.513146892130447
0.5263480392156863
0.5272452068617558
0.5311059907834101
0.5312817904374364
0.5321828358208955
0.5356363636363637
0.5304347826086957
0.5309579439252337
0.52697320782042
0.5285800240673887
0.5369020501138952
0.5311526479750779
0.5315363881401617
0.5131345926800472
0.5275393419170243
0.5257633587786259
0.5327942497753818
0.5302230046948356
0.5319634703196348
0.5139604553624925
0.5095811051693404
0.5288228155339806
0.5138798525265669
0.5089992800575954
0.5326007326007326
0.5296084049665711
