1.16004363409693
1.1895181077632742
1.6308755845548142
1.139588604113959
1.1712682873171267
1.333224993905907
0.9856985698569857
1.1077451928241486
1.2960199004975124
1.1940210152434512
1.1725055432372506
1.1899026563273387
1.5727702119056808
1.0396633082514986
1.1923076923076923
1.382308083375699
1.1303520456707896
1.2370516062564392
1.2085276482345104
1.359683794466403
1.3112327956193577
1.0103595368677636
1.2001032791117996
1.0657912734236084
0.9341380215166623
1.4130409515322924
1.560507939434445
1.2669274228596263
1.2733408323959505
1.3997933063041577
1.2467848717753596
1.3761147375195366
1.5851351674927567
1.2988829197578238
0.9149214659685864
1.2377824995170947
1.6856428016811074
1.2008879023307437
1.3698966038661162
1.1167664670658684
1.5939427332349856
1.6308161708619375
1.1626564003849855
1.2661769849597762
1.6456466441669853
1.5913420229977515
1.160399711548367
1.284970094539842
0.9465930018416207
1.092036344200962
1.2599155419392234
1.1406310868718348
1.2072316856515832
1.3243163775360187
0.9363507779349364
1.6223172772921703
1.0528407551260048
1.2843505929997108
1.1563896336014299
1.225071225071225
1.0961357210179077
1.2367644164534541
1.1912668322656557
1.1758913102945199
1.2088633565859663
0.8003910705556461
1.4293864759532324
1.059105979192866
1.2541694462975317
1.193580344759263
1.19995626981524
1.3315806769635228
0.9473845681853045
1.5707497152731413
1.2246953368919327
1.3418702611625948
1.1176999101527403
1.3545373432005459
1.253478950149727
1.1693383853104051
1.144097431568793
1.6261887919515838
1.1741321388577828
1.263267429760666
1.600837769438869
0.5706422018348624
1.6809544851966416
1.0673490752588113
1.3032918353318568
1.266098807495741
1.6288041838479332
1.2444103253046732
1.2307692307692308
1.249614452522582
1.5984130186268577
1.2977777777777777
1.2053107562055032
1.5540744145662555
1.138267355134825
1.229315960912052
1.1090987494609745
1.2783892159372068
1.1725055432372506
1.2077601410934744
1.1543825769767193
1.16688800354139
0.9816685372240928
1.5629012574945615
1.3258730464981672
1.0398009950248757
1.1885272317112472
1.318709066519372
1.3568190263842437
1.1903030303030302
1.1233885819521179
0.9674072103232673
1.3736801746003657
1.2378687802730075
1.3654862770656817
1.0287869264613452
1.276168904707976
1.373968881205236
1.2419745289969477
0.8055555555555556
1.144097431568793
1.264520643806858
1.2043937109627396
1.5435344924537213
1.2797090298664056
1.3202045067222117
1.6008783041972807
1.4148253147669474
1.1675198233463817
1.290003635041803
