1.198036533354792
1.172487181967689
6.077839774058001
1.0487953026928527
1.077841886830651
1.6620745542949757
0.7625531914893617
0.9973885288712642
1.5109661047670835
1.2982540831925335
1.122479303757164
1.2548064375815573
5.711158569140417
0.845467745281062
1.1893188010899183
1.8914782608695653
1.1915747241725176
1.306429277942631
1.2620227845899643
1.7595907928388748
1.6396779864902378
0.803586574578941
1.1592467888764184
0.8937829777471897
0.6732223903177005
2.551560095144816
4.384640290099074
1.441598259321531
1.5438117967950904
1.9178738699488074
1.4251913709116215
1.764886216248084
4.78911958330319
1.4731141199226305
0.6414315209910529
1.5467052860246198
9.571558541535447
1.2276853252647504
2.423541320222688
1.00055884654074
6.277913895694785
6.581222890723381
1.1178974643716453
1.4323869818973192
6.816141027406693
6.092385218365061
1.0890457314125495
1.415665851843979
0.689316048278945
0.9665089877010407
1.379010331702012
1.1073083104850145
1.1702968290953297
1.667530544242873
0.6606786427145709
8.599934275386133
0.9554098360655737
1.450032658393207
1.1003401360544218
1.279353947508235
0.9643449419568823
1.3357423743224572
1.1038158691701998
1.1444799432019879
1.2518856900031872
0.5092266224341696
2.6632729450516544
0.857698361262846
1.3920770085153646
1.1393985246831853
1.1962942779291552
1.6811534073228918
0.6902101028162718
5.506057268722467
1.291830447253798
1.6517681219537488
1.0074913950192346
2.077269800386349
1.3461975028376845
1.2913816689466484
1.0602301933176892
5.887039408166169
1.3009693679720822
1.4413772632828732
7.344944944944945
0.29318878152250766
9.355226039783002
0.9077958053027305
1.6133119031861587
1.4706638963094885
5.665430630378507
1.2812963145934195
1.2528521053723294
1.3366324967597503
5.888400322041246
1.5261324041811846
1.2118398142774232
4.258642407277817
1.0287255003629576
1.312695652173913
1.017908380330464
1.4489894594333237
1.122479303757164
1.178116756508774
1.0643980611336432
1.0934356528051437
0.7444675619443919
5.719241473043816
1.6211370606275064
0.8466680170143812
1.2057541412380122
1.616560263106984
1.7648878576952822
1.165463356740184
0.9880542619963555
0.7361068934102643
1.9853367433930094
1.301120059242803
1.7446336047372317
0.8287594936708861
1.460605499490788
2.1194757695824444
1.3191727221911682
0.5056205551732048
1.0602301933176892
1.3982009865557596
1.1881440560926377
4.728450354854268
1.623280986602786
1.4460230218811574
5.394038557302411
2.7295101745355104
1.125713732701055
1.5743057403957057
